    0.01     3.5946
    0.02     3.6419
    0.04     3.5860
    0.05     3.6015
    0.06     3.4807
    0.07     3.5506
    0.08     3.4489
    0.09     3.4826
    0.11     3.4934
    0.12     3.4119
    0.13     3.4567
    0.14     3.4481
    0.15     3.4007
    0.16     3.4185
    0.18     3.4035
    0.19     3.4237
    0.20     3.4135
    0.21     3.3120
    0.22     3.3065
    0.24     3.3269
    0.25     3.2900
    0.26     3.2317
    0.27     3.2287
    0.28     3.2132
    0.29     3.3282
    0.31     3.2069
    0.32     3.2141
    0.33     3.1546
    0.34     3.1779
    0.35     3.1587
    0.36     3.2057
    0.38     3.1186
    0.39     3.1833
    0.40     3.1141
    0.41     3.1647
    0.42     3.0461
    0.44     3.0882
    0.45     3.0336
    0.46     3.0183
    0.47     3.0396
    0.48     3.0947
    0.49     3.0006
    0.51     2.9695
    0.52     2.9724
    0.53     2.9600
    0.54     2.9897
    0.55     2.9534
    0.56     2.9439
    0.58     2.9615
    0.59     2.9044
    0.60     2.9210
    0.61     2.9784
    0.62     2.8424
    0.64     2.9049
    0.65     2.8978
    0.66     2.8119
    0.67     2.8142
    0.68     2.9421
    0.69     2.9083
    0.71     2.8931
    0.72     2.8976
    0.73     2.7438
    0.74     2.7815
    0.75     2.8352
    0.76     2.7838
    0.78     2.8326
    0.79     2.7558
    0.80     2.7646
    0.81     2.8221
    0.82     2.7276
    0.84     2.7484
    0.85     2.7155
    0.86     2.8390
    0.87     2.7638
    0.88     2.7331
    0.89     2.6784
    0.91     2.7742
    0.92     2.7270
    0.93     2.7285
    0.94     2.6467
    0.95     2.6667
    0.96     2.7022
    0.98     2.6321
    0.99     2.7697
    1.00     2.6660